13111 3311311111. ‘29

0313113113 1. 0333113111) 331133311331 111, 3131 3113 11 131133-
3313 3 31131113 11111 1131333311 1133311113133313 11 quadrato ο 33131113
(131 133313111, 3131 essendo 11 sodo (13113 33333 333313 3111 baso (131
31113113, 3313333 33111133 (1333313 1331313313, purch& siano simili 33111
figura celeriore. '

Corollario 11. Ε 33131333 33 (1313 3111311331 3333333111131313
infiniti cilindri 3131111,(1111333 1333313133 133331313 13 13113113, 31 (113-
melio (13113 quali si 3311 applicare 3313331133131133313 33313113 333313
31 semidiametro (131 3113313; 31 33113333331311 (131311313113 13113113
33333 simili, 3113 31313333 11 sodo (13113 baso 1133313 3113 11333 (131
(1313 31113113, 1131333333 3311111 333313 1311313333 333 3333.

Corollaria 111. Anti 333313131311313313 31 3331333 13113113 33333
(11 3313131331313313, 13 quali 31333 (11 11333 3313 (113333111331313, pur·
3111 31 133313, 331113 11 cubo del 133313 1Η (131 31113113 31333, 31311-
3313 313113 sopra il quadrato 1111 (33111333313313 3113 33331111 (13113
senione 3113111313 (131 13313, (131311313313 1 3311113313, 33311313 33 33·
3111333113 CB 31111113113, 3313111111 3333 DE sia 1133313131 3311 al·
13333 (131 133313 BC. cosi 13 1333113133 HM (131 (131331113113 3113133·
3113133 1111Ι (1311333331 (1333313 1331313333 3113 31 3313313 ; 1333133311,
per 13 3133313313, 13133133133313333311 queste 1331313313 331333313-
33313 reciproolie: 33113 31 (1313333131331333 (11 33331111.

1331331113331111111. 0333113 Vll.

11313 13 1113313113 Α (1113. 22), [31313311111111311313133111313 BC.
Factimi, 33313 13 Α 311311, 3311 11 1113313113 C (13111313 31113113
31131311311ς311311313113113131111311,11.111131131331311113313113

(131 33131113 (131 3111111113 DA 11311313 31 dale BC; 3313111 113 lah 3113 Β
331113 1311311311,313111333113031331311131);331311113,331 13 21
(13111, 1311131111 An, CB (1311313 3113 (1 quello 3113 31 3333331133313.

1113133111333 XXX, 0333131111.

11313 13 1111313113 AD, {are ((11 3111111113 331313 3113 (1313 3311113
FCBG. .

813, 331133133331111113 (131 Gallico. 13 CB diametro (131 33131113
(1113. 23) (1311313 3113 3131113113 CBF: 3111331311, 33113 1*Λῦ 3113 1111,

3333333333313333 3133333333133333313 133 33 ’

33133 313 3 33133· meum 3313313 cle 1( 311333 3( 33, ΑΕ, ό
331313 31 3111111113 cli BG, BC: 1113 3113113 1 (131313 3113 3311113, 3331111
3313113 (111111 ἑ (1311313 3113 multllm adunque 11 1111111113 ΜΕ l wie
(1113 3311113. 11 1111313113, 3113 33.

 

