11111. 1111111 1111111111111111.

Ρ111111111111. vn.

eada 11 grave ,1 1111. 11111 1 111 11 11111 ‚ut 1 1111111111
1111, 111 abbia 1111111111 11111 11111 111 11111 S 11 11111111 SV, 1
111 1111111 111 11111 11 11111111111111, 111111 1111 11111111 1111
111111 C, 11 1111111111111 11111, 111111 1111111151, 1111111111111111-
11111111111111 1111111 (11111 11111 Annos.

· 81111 111111 1111111111 11 111111 C 11 (1111111111111111111111111-
111111 11111111 111, SM 111111 11 N 111 1111111. 11 11111 11111111

AG, 1111, 80,11111111111111 mobile 111 11 11111 Ac. si 111111111111
1 1111111111-1111, che 11 11111 11111 11111111111111111 11111 sodo
111111111111111, 11111 di 111 111111 11 11111111, 1 1111111111 11 1111111
1111111111 1111111111 da 11 1111, 1111111111 1111111111111 1 (1111111111
111111 11111, 111111111111 11111111111 impresso 11 mobile, 111111 111
111 11111 1111111111 11111 111111111 1111111111 111 1111111111111111
1111111 dena 1111111111 11111 adunque 11 111111111111111111 rimangono
111111 mobile nella 1111111 AF, 11, 1111, che 11111111111111111·
’ 111111111111 111111 1111 1111111111, 111111111111111111111111111111
11 1111111111 11111 eho spingam 1111111111 111 111111 curva. E 11111,

1111111111 1111111111, eom 11 11111 1111, dn 111 assolutamente 1
111111111111111111 11 ΕΟ, 111111 Lc 11111111111111 111111111111,
. 1111 1111111,111111111111111111111111111111111ιὶ111 111111 curva
111, come 11111111111111 11111 1111111111 1111111111 1111 11
1111111111 1111 sart 11111111 1111111111.11Εὸ; 1 111 1111111;1111·
1111 11 11111 done 1111111111111 Aenos uguagflia 11 scula (11111 11111
1111111111 mx: 11111 111111 11111 1111111111 ὁ 1111111 quadrato
1111111111111. 1111111111 11111111111 AS, 11 quadrato della 1111·
1111 111) 1111111111 111111111111111111111111, 111 11 1111. 3ς adun·
qm SV 1 1111111111 Mo: 111111 11 dom (1111111111.

coronario 1. Se ruminate PE, VS della scala della 11111111 de!
11111 1111111111 As, si 1111111111 1111111111111111111 11 111, Mn. nei
· 11111 1, 11 1111111111111111111111111 11111 curva 1111, 11 111 11
11111 (11111 11111111 1111111, 1111111111 11111 111 della curva.

Corollaria 11. 11111111 111111 un 1111111111111111 111 111
111 11111111 PE, 1111111 11111111 1111111111 111111111111111111111,
1111111111 111 11 1111111 1 1111111111 11111 11 dena 11111, 11111111
11111111 1111 1111 VS, 1111 11 11111111 11 11111111 1111111111111111111111
11 1111111 111111111111 da E 11 S, 1111 111 Ν, 111 un 11111 1111111·
111111 11111111 1111 111111 C.
1111111111111111. - Τ. 1111. 17

 

