111. 11111111111111. 111

Ι 111111 1111111111, perciti 11111111 1111 1111111111111111111111111111
Ι 1111111111 11 1111111 111 111 torto 11111111 11 11111111111ς 111111
1 peto 1111 1111111 1111111111 111111. 11111 111111111111111111111111111
Ἰ 111111 Tem. si 11111 11 ogni 1111111 111111111111111111, 1 misum
1 111111 11111 1· inclinatione 111111 11111 111111111111 11111111 111 pinno
’1 111111111111111 1111111111111111 1111111111111111111111111111111
1 11 1111111111111111111111111, 111 11111111 11111111111,1111111 iu
1 11111 111111111 11 gravo Ι1111111111 111 1111 1111111111 11 111111 111
111111111111 111111 11111111 11 111 1111 11111111111111111111 1111·
1111111111 11 1111111 ponii 11111 111111 11 111111111, 1111111 11111
proportioni 1111 1111111 1111111 111111111111111111111 11111111·
1111111 111111 11111111;111111111 1111 1111111 11 1111111111111111
. 1111111 11111 1111111111111111111111111111111111111,1111111111111111
111 (111111 111 molo 1111111111111111111111111111111 111 111 riguario:
111111111111 111111 scienta ,1111 genetrice 11111111111 1111111
annoque 111111111 111111111111 111111 111111111111111111111-11111
protili, 1111111111 1111 111 11111 11111 111 11111111111111111111111 111·
1111111111 1111111, 1111111111 11111, 1111 111111 11 coro 11111 1111111
111111 11111 ’11111 1 verro 1111111111 1111111111, 1-111111111111111
11111111.
Ι111111111111111111111111111111111 11111111, 11111111 111 voglio
1111111 111111 innanti, 1111111 i’ 1111111 11 111 11111 11111111 t’nto-
11111 1111111111, 111 1111111111111 11111111 1111111111 11111111 111
111111111 1111111111111111111111 111 11111111111111111111 con quoi·
111 1111111111111111111 11111 11111111 eho 11111.

111111111111.

7. S· 111111111111 11 11111 PS. 1111 11111. 111) 1111111111111111111
11 A: 11 1111111111 11 1111111118111111111111111111111111111 111·
oo m 111-111 11111 111111111111 11111 111
11111 1111111 1111111111111 111111111111111111111111111111 11 11 111
1111111111 111 origine 11 11111111111111 ponii 11111 11111 As 11111
11111111111 1111181 1111111111111111 11111, 11111 potii 11111 111111
1111111111 1111111111 potio 111111 111111111111111111111111111111
111111111111111 1111111 11 11111 111111 1111111111 11 11111111 1111-
111111 111 11111111 111111 11111 st, 1111 1111111111 11111111111111
111111 1111111111 11 to 1111111111 io St proportionali 11111111111111
1111111111 111 111111, 1111111 11 11111111 11 mobile 111 11 11111-
11111 1111111111 111111 111111; 11111111111 11 111, 111111111 1 1111111
punio 1111111 11111 An, 1111111 1111111111111111111511.111 ,111 1111-

 

