11 11111111

grosso obhagiio 1111111111 111 confutare 1111111111 11111111 11111111
siziooi. Veggosi 11 (111111111111.11.111111111 11 11111 (111 1111, 1111
111. 11, 111 supponendo 1111 (11 1111 11111 111111111111111111111
11111 1111111111 1111111111 ΑΒ (1· 11 1111111 Acii 11111 111 111111,11
1111111111, 111111 11111111111111111111 1111111 1111111111 11111111
111 Ι111ω1111 11111111 (11111111111111, 11111111 1111 1111111111 11
C 11111111 1111111 1111111 1111111 1111111111 111111 (11 1111111111
1111111111), 1 γ1111 γ11111(1111111111111111 ia 11111 11111 1111111111 11111
1111111 11011 (11111111111111 ABEN: 1111 111111111111 (1111111
111111111111111111111111), (11111 1 1111111111 11111 111 1111111111
11 11111Ιί11111 1111111 111111 (11111 wo 111111111111111111 111 11111111
11-11111111111111111 11111 1111111111 111111 1111111111 (11111 mimoni·
11111 110111. 11 1111 (111 111 111111 otoo) 11111111 1111111111111-
cho 111111 1111111111111 io 1), 1111111111 11111111 111111, 1111111111
1111111111 111-11111 1111111 1111111111 111 1111 11111111, (11 noo
1111111 111 1111111111 11111 1111111111 11111111 111111111111111 ro· '
11111111 01, 111 11111111 in 11111111 11 111111 ii 1111111111 oo 1· am·
gio 111 11111111 111111 1111111111, 1111 11111111111111 11111 1111 11111
(11111111 (111 111 111111 11111111 1111111111 1111 1111 111111 11111 11·
1111111111 111-111111111111 111 11111 11111111111111111111111111111
11111 111111 punto G, 1111 (11111111 ck, 11 1111111 1111 111111 di
111111 (1111111111111 mi (111111111 11111111111111111 111111 -11
111111111111111111 11111 111 11111 (111 1111111111 (11111111111111111111
(11 1111111111 11111 11111111 1111 111111 1111 111111 ol 11111111 11111
111111111 11111 11 11, 1111 noo 1 1111111 111111 11111 boob (11-11,
mo 1111 11 111 11111 11 1111111111111111 prima hom 11 111111, 111111
11111 inmutato 11111111 111111, 1111 1111111111 111 1111111111 11
11111111111 ii 8111111111. Ponto 111 sommo (1111111111 111111 11111
1111111111 1111 11111111 1111111111, 111111111111 11111111 (11111111
111. 11, o.⁰ 1), 1111111 11111111111111 11 111111 1111111 111 11 1111111111
11 111 niorto 1111111111, 11111 11111 11111 1111 111 111 11111, «111111 1
1111111 11111111 11111 111,1111κ11111.111111 1111111, 1111111111 11111
111111· 1111111111 oi 11111111 11111 11 (11111111111111111111111
1101111111 (11111 1111111111111111. = · .

- ,11 1111, 1 1111111111, 11111111 (1111111111111111111 11111111
1111111111 111 solido 1111111111 da 11111 11111 (1111111111 1111 11111.

’ 1 1111111111111 111· 11111111 dispositione od introicionooio (11Ι11 onii

11111 11111111, quinci 11111111 contiguo 1111 1111111, 1 111111111111111 ·
111111111111. 11111111 11111111111111 11 111111111111 1111111111·

oosio 1, 11 quali 11111111 11111 111111111111111, 1111111111 quonia 11111

 

