111 UN PARERE

SOPRA UNA Mncclssnin coi, Psintino PER Aiznnn Aeolii

noiosrn

DA 1111111111111, inanimo ΑΙ, ii. 111111111111111111 ΙΙ.

1111111111 1.

11 111 11111 negare 11“1111111111111 1111111111 111·
1111111111, 1111 11111111 111 sereniss. Gran 1111111111
11111 principi 1 1111111.111111111111(1111 11 11111111 111111
1111111111 (11 111, 11 1111, 111 1111111111111 inventione 111111-
ginniac 1111111111,111111 111 11111111 111 1111111 11111
grandissimo nesisienze‚·e 11 11111111111111111111111 111111
11 11111 1111111111 1111111111 111111 111111 1111111111111·
1111 di acqua, 111 11111111111111111111111 1111111111111111
maggior 111111 11 1111111111ς1111111, 1111111 nanque 11
somma 11111111111,11 11 vedere 11111111 111 111 11111111,
111 111 1111 1111 1111111111111111 (1111111 11111111-
1111111111, 111 111111111111111111111111. 1111111111 111111
11111111 111 i polonie 111 11111 11111 111111 di 1111, 111
11111111111111 111111111111111, 11111 111111111, 11111111-
111111, 111111111 1111111111111111 11111111 11 stupore.
111 11 111111 11111111111111 (1111111111 111111111111111111111
11111 111 11111111. Lo 11111111 11 1111111111111111111111-
111111 1 pono 1111111 1111· 1111111 111 111111 11 peso, 111111
111 10 111111, 111 111 11111111111111111111111 1111111111
111 11111111. Voi dipoi ingraviste 11 (11111 1111 111 pii di
200 111111 di 1111111, 11111111111111111111 111111 (111111
prime 111 111111 1111· 1111111 11111, 11 1111111 11111 queste 1
11 11111 appresso 1111· 1111111 1111, 11 quain 111111 1111111111
111111111111 11111 1111111111 11 il 111 moto 11111111 111111,
1 11 replico 11111111111 11111111111, 1111111111111111111,

 

