01111 1111111111.. 117

,1101 101111 d' 000110. 1011110011 1111010111οΙ 001110 101011. 00110 pro
positioni 111, 13, 111, 51, 58, 11919, 13, 11911,111,1111,110111010011010
100011110101011 possano 10110111 1011111000110 1011110011, si 001
roso 011011 00000110 1011 1110011111 001 muro, 0 11 quoodo vergario
1011110101111101011011101111 0 11010 proscindendo 101 0100110 1010
0011001010000100110101ος 01 orooro paragoooodo 110 11 1010, 000
gii 10 porti 11 uo 0101011010 101110, mo piri o divorsi solidi 10110 110110
0000100110 10 1111111101 00110 01000111. 17 0 18), 111010 borodi sog-
’ pungere qui 11110111 111 111110 1 0101110101 10 100001 011010100001010-
1111, 10010001111011000 1100000010 0110 10110110 propositioni 101 00-
1110111010, 10 quoii in 1010110 01000110 11 1001000100 011 1100110110
1 piri 0011011110 100110011000, 000 pron vooioggio 10111 011110111 coi
10 oggi 11 11010 111 11010 0110 0011011001011010110 0100010100.

10110 1111111110111 0100110 00011110 011 considerare 10 100 111010
111110 quoii 0011010010111 00001110 00 solido: 0101000111011001011010
1110001011000011110110 111 servo di 01001ος 100ιο 001 capione 111
01001010, 001 00000 0111001100 {ARN 1 110. 103) 11 10100110 01100
11111 parabola 101110110 11111 010110111010100111100101011111. moi-
110110101011 10 0111011011, CF 10110 primo figora, 0110 0101111 11 pro·
110 101 solido, 001101110110111, 111] 10111 1000010, che 111 10110 11
011011, 0010 00 01010010001 1011000011 iiiiii, 1111111, 01101000 10 Ι
11110 1011001101 solido: 01 01100101110 0 10 1011111110 1111011101 010-
11100101111001110 10111 010011, si dimosiro 001110 0001001ήο110οι1Ιο
00110 1010101101111 111111 10 01101010 1110, 011010 1101111υο 00 narra
10 10111011 ogooie 1011110011, 1000010 10 conditioni 0101101001οω
1100111 001001011 1111110 10 1010110 00011110011010110 1100110010 1000Ι
1111101, 1011 0001111110 001 111001011 0110100111110111,οὼ11110110110
oleoso 0110 00 11 001ςο 110110 11111, 0101 10000010 000 111 comoda·
010010 010000 1· 11111 110011, 0 101111111111011 0111 100110 00 solido 11
00 11101101011110110 00010100, o manifesto 0110 10110111 101111 o'ogooio
1011110011 si 00111000 0110001101 001000 111 00110, 0110 000010 001
111100 110’ 101111 ,· 10 11 001 0011001 1000 10011 1011100011, 110101100010
1001111110 si poirobbo 1011101, 1010110οἰ 1100011 1011010111οί1 101110-
00110 11010 010101011001111100111 grodo, 0 11010 0111111, 0 1010101011
1011 00000000 figure 0110 011101 0111001101, 01110111 110110 proportionali
a' 1011100011 0110010τί01.

1110111111 1.

11111 101101101111001010 Aron 1 110. wi) ‹i’ 0110 11110 eum
1000101111 101 rouro 101 100 [ormino 1, ritiovaro 11 110011 mide
1111010 11111111. - 1. xri. ¹³

 

