12 13311313

1113313113 AB 31113 3133313313113313 31 133111131113133311331313118,
31 133113313 1313133333 As si 3113331311 lino 3133333133 13113 111.
13 1113313111111131318 13 0 13 13331313 311313 11311333 ΤΑ, Ao.
05 31333 3331133333313 3133313133311ς3113 ii 333130 33113311333113
cereata: 1333133111 componendo, 3311 As, 311313 11131 10, come
01 3 ΤΑ, 3131 33313 01. 31 ΑΖ 3 pure 31 1111; 3 3311 11 1311333313
11111 3311333313 311311333313101., 33133 1113133 13 331313 13113 33113
11011, 31333313 13 3331131131.

1113 se 11 1131311111 3311 1131113313 (111317), 31 13 3333 3311133313
siano 11111 11 331113 111111 13113 3 131113 11011 obliquo, 33313 13 comune
11333, 1111 331 1133131131111, 3111111133 minimi 113 311 3111 3 13133313ἰὶ3
113313 131 3133113 3333, 3 3311 3331Ιί111311 33113 13313133331311311333331·
13113; 1133 3113 13 3311313 331 1311313333 1331111311 1311 331111, ὁ 11 1313
331313, 3113 3313313 3113113333131011 33333113 11 33311313 ’111; 3 13

’ curva 1111), 13 33313 33333 3133311311 3131111131 13111 solidi, 13113113

3113111311 3133111 333313 11 1311333313 ΑΕΧ 33133313 1133311313 ΑΙ.
1313313331ιρ 11 33331131 331113 110113113 1331313333 1311311333 mo

⁸ 313, 331-13 3333 33313 11313311313, come DV 3 DF, 313131 Ex, 3 3313

(311 13 1313113333 1111333311 11111, ΕΧΑ) 3313311.1311.111; ma 13
1331313333 13333 1333111111 31 3333131 331113 111111 33133 lix. 3131
AI 3 1111;133333 331 1331131111 3311311313 11 3333131 solido 110113
333113131331113111111313 3331311 31 ΑΕ; ma 11 primo 333331 33·
33313313 como 1’ 3113333 011 311 3113333 AB: dunque 01131 ΑΒ 313
3331311 31 ΑΕ, 3131133113 3133313133313 divisione 13313331 13113
33’ 333111 11 3131111 11331111 13113 313333 3333131 como ,11131 .10;3
perii! 1311333313 1011 33333113 11 quadrato di ΑΒ. 11 ohe 33.

Eo essendo 11 1311333313 ΛΕΚ 31 1311333313 11011, 33133 11 qua·
11313 ΛΕ 31 33311313 10, 3131331113 ii 3331131311 31 quadrato ΑΒ,
1333311131 do' 1333331133ιί 11 33313313 131133331111 13311 33133313311;
3 perimentia, 1113, 33333 33113111 1333111 11 3131111 11 13111331111,
31 131133331311 1311333313 ΛΕΧ 33331331 quadrato oi: 3313 33111
similo 31131113, 3113 33333 33113 31313 13’ 1331331311. 11 1113 33.

1111313311331333 331 11 1313313 33113,13331113313331333113131
1313113113 ΑΒ 13113 3113313111 118, 13 331 13333313313111, 31 1331111313
333131133113 33331113 ΛΤ, 11331311 1313133113113 13 133111,Αὲ131333.
3333 proportionale AQ. 3111. 33111 11 33313 0 1311313113 11011 ricer-
1313;113331331111 13 3113111131133 13’ 1113113311 iiii. ,1011 11 113131 011
31 AB, 13313 Ao 31 AT, 3131131113 As (311313 AB) 311110, 3 3311
11 1311333313 11011 sari 3333133133311313 ΑΒ, 1331311111131313 na·
iura di 3333 33113.

 

