11 1111111111. 2113

131111113 33 33311333313 3113 33113331133313 331 13113 133-
11113 13 1113, 13 331 1311313313 11 31313113 3311133113, {asciando
ii 13311133313 13 3113, 133111 13113 13311333313 333113311131
1113131131111333311 111113113 1311311 331333113313; 33313 331
3131113131 Sia 1311113313 ΑΒ (113. 187), 11331331333113313
C, 3331 311331 11 qualche 13313113 113 33333313113331133-
333111 111 3313- 1); 1113113313 11 3313 11 3311113331, 11 333311
13 3113 3313131113 piri: 33111, 13311 3113 3331313 3333133313111-
3333313113 111113113 1311311 331333113313 C, 33313, 131111313-
113, 13 13 3 quanin 13113 13111131113 CA 33313111 inii, 13313
13113 11 31311113 331311 31113113 113331113313111311133333113
11 3333131311313. 3 3113 331313 3311133111 13131 11 333-
11133313 1) 13 Ε, 3331133331311 313131113313113133313 finis·
11133, 3113 11313 33311333313,33331311 331311331 3311113333,
13131 13 1, 11 quai 33313 331131111313311 33313 nsi 33313 .
1’ 3133113313 33 3131111, 3313333111 13133313 3133 31313131-
Poro, 3 13 1111313313 31311111311111313 AF 3113 11313313
AG 3111 13 3131331313 3113 13 11113133111111331311111311313
3 333113 13111133313111 13 3311113313 33 311313113133313
3 313,1 3111113 3113 331 33111313313 13133313 333311 31333
3113 1313 puro, 3 331331113131111313 3333111 3111 311311 puro
313331313 33111 331113 13 1113, 3 1313313 3113 11 3131311313 333-
111333131333311333331 quando 131 131113 1311 1311313 331-
1133113, 3111 di· 1113311313 1111131 13113 33311133313 31113133
11 331333113313 C 3113 333 111 3331311,1133113111 13113133
1311313, 3 3131311131133313 3111 1331133131113113 333111,
1113111131 11 13131133 13113133313 31113; 3311 3313113111 111 1
13131131 EF, 31311331333111333 33113 quain 13111 111113 13
11111313 EF, 131311 313311111133313 13 31333111333 131 133
31313111 3113111 311313 33133333333. 113313 33133331313 13133-
1131333113 11 311113 11 3133 1313313 313 13 11333113333-
311313 111311 11, ii 31111 33311333313,3113313 11 131313 311
33313 3311331333, 1113131 13 11ς1133 311 31131313313133313
3113 33313333333 131 1313133333 11311 1313 33113 1331311313
31333111333 3113 13 11113313 111, Gn. 113111 311311113 3113
13 11111313 Gi 1313113313 331 3333313111133313 3113331311
13 31311113311313. 3 11 11313313 GE 1313113311 331 33333

 

