constnssntztonn
11111 tn 1111111111 11111.

cte 111 1111111111 (1111111111 11111 11111 111 111111- “

11111 di 11111, vi 111 11 111 ragione 11111 manifesto, 1111111
1 11 11111111111 1111 111111111111 1111111111111111111111111111
1111111111, 11 1111 dependo (111 1111111 11111111111 1111 11111
(11 numeris onde 11 3 1 1118,11111111111 1111111111111111
11 111111111 111 11111111 comporto. 1111 questi 111116. ti
1111111 111 1. 1. ’1, 1 non altrimenti, 1111 1111111111 11111
111111111 ohe 1.1.116111·1,1111111 11 111 11111111 111111·
111111111111161111.2.311112.2.211111.1.1,
11117111 1. 111, 121, 1. 3. 3, 2. 2. 3. Τ1111111 11-
1111111 11 9111 12 11 11111111111 (1111111111 1111111111111
1111111 11 10 1 1’ 11, 1111111111 1111111111 1111111111 11111 11·
111111, 11 1111 nondimeno 1111 1111111111111111111111111111
(11111111111111111111111 11111111111111111111111 111111911112.

111111191111111111111111(111111111(11111111 11
(1111 1111111111 (11111 11111111 12 1 11),1111111111,(1111,111
1111 (111111111άὶ1111111, 1111111111ς111111111111111 9 11 oom- ,
1111111 126, Lati, 1.1.1. 2211, 211, 11113,
11111111111111111111,1(1111011111116, 115, 2. 2. 6,
21111, 211, 1111111 111111111111,1111111111111
oombinazioni. 01111, 111 serviro 1111111’111111111(11111111
1111111111 111111 11111111111 111 1111111111 mi 11111111,
1111111111 mio 11111111, 111 11111111, 111 1111111111ᾱὶ noiomo
questo (loonio, 1111 di 111111111111111 11111111111111111111-
1111111111111 11 nogioni, 111 1111111 11111 11 1111111111111
(111 111111111111111111 grande avvodimontoe 111111ιί11111-
1111111111 1111111111. 11 111 1111111111 1111111111111111111111

(Ι) 1311111111» (11 questa 111111111, edito gii 111111 1111111111 editioni
dotto 01111, 11 111 111 MSS. Putatini, 111111, Tom. o.

 

