1000000 00 00100 01 nn 0000000. nol

100 000 0100000 000 01 000 01001010 0 non 0010100010οΙ10 00010,
010 0 000 100000 0 00000100 00010000 00010 000001ος 11 000
000000000οο qnando 01 1000000000010 vern 0110000 001 monle
10000 00 palmo 00000 01 0100 0000010, 001 00οΙ numero 10
0110001000 001 10,0000101100100010000000010 monn 00 001000.
Ε 000 0100000000 10 ultimo 0000001101000010 00’ 000001, 1
quali 0110001000 0000001 00001000οι0 10000000 00110 011000 001
0000 0001 000, 0000011 000 00100000100100100010110110000
01 10000 001 00000 110000 00010, 0 quen· 01100 000 10 011000
000001ος 0100000 010 0000000 0000001000,μο 0000 1010111·
00000, 0000000 0000100010 000 0000100010 0· 1000011100 00110
01100000 000111 000 0000100010 01 0000100010οο 001 010 0
101100 001 mono 001 0000 0000, 11 000010100, 000001 10100·
0000 11 00000ος 0 01 101 1000 1001000000 00 0 00000 100000.
000 lunga 0001100 01000011 0001000111 0110101001, 000 0000 00110
0100000000000 000000101001 000 00010, nomo 001 10000 11
000 0110001001 001 0001001001 0 001 0000010, 000000 100000
0001001 0000 100 00 0111000011 00001001ωο 0 10010000οι0 001
numero 100 01 0001 medio 10 proportione 001100011οο 0 11 000·
010000000100010010100010001 00000010 0000 11 modin 0011100·
1100000010 100 0001001001 0 0000010, 000 0 00010, 00000

0111000010 001 100010 00010001οο01οο10, 000 0 00νο0100000, ·

0001000001010); 001001 0 01ιο 10 01001010000 0011000000 non
01 00000 0000οο10110 0110 100 00001010111000000000000000
1000 01 000111 0111001001 000000010010010110110110 00000110·
000 0000010 0 1· 01100 manno 01 0001100 000001, 00001010000010
neuun 0000000 0000000 00110 qne! 00110 0000010 110000 00000
01000000110010 0110101000 000 101100 0110001100 000001, 0110
1’ 00000 00 00 0110110 01 10110, 000 00010 un 10000, 0 00 010·
venno 000 00 00010 100, 0 00001 010 1011000011 0110110 000 10
0000010010 000 00 00111010001101110110 000100 0000010110-
000 000 00 ne 1000000 0 00 00 000000 10110 11 giorno, 000
001010001οἰ 00 001110 000 00 00 000 000011 01000001.

110 00110 000010, 000 mundo 0 11. S., 010 000 0000101000
n! 000 0001000010ου10 000 000 00010 00’ 10 00010 01 nonn-
000011 10 0101111 controversie. 00110 0001100000 0000100000·
sione 10 00010 0’ osser 010000 00010. 1100000110 01 000011 100·

 

