11001111( vans. 337

frequenti 11011· 001010 per 10 (110110 0001011001 0101010101001110
(101 0010; 000110 0110001000 0011’111101000110“1011101 0011001111
per 1000010 (10100011 umidi; 0 (0001100110 i'aria 00111 11-
01000 (11 000101101 100011, (101100010110011101110 01000100 00111
ma 00 11 0010000 10 00010 0011101101 0001011001, vadrannosiia
0010 impressioni 10000 0001010110. 110 00 001110100οο tempo
abbondarannn 0011* 0110 0 vapori 0(1 0001011001, 011010 001 11
contrario (1011000011011011,1’00010110010011010 0 0001110110ίο
(10’ vapori produrranno 10001,10(1101 0 000110, ad i vapori
001 1· 0011001101001 (1011· 0001011001 000 0010 10 0100010, 01010
grandine 0 tempesta 01 aciogiiaranno. Ora a cio 0110 01 0101100
00111010000100100 0 1’ 0001011001 od i 100011, 0000 1 1000111
1110010001 0000000011001101,0 (00001100 001 101000 001110. lm·
001000111010010 ii soie i (10101 (10100011 0000011 0 01011011
ad 00001010110, 011 1100000 0 n’ 001100 00010 0100101000-
lariani: ma dai (10101 11010011 ι0110110 10111 01010010 ad umida
ascendooo 10 0100 000101 1000111 quaii 0100001011 000 10
00010110010000 (11010110 0110 0 01010110, mediante 10 1010
0001101100001111,000011 efferri 0111 11010011 (11 tuoni, iampi.
fulmini, grandini, 1011100010, dove 0110 (10110 0100010 1001000
(101 monti, 001000011010 00110 010000 010101011ιο (101 10001
solari. 000 01 10000 0101011001 (11 01010110000110110, ma si·
111111,οᾱ 01100 prodar 0110111 1101101011 0 meno 11010011. L' in·
10100 001, por 10111100001110010 (101 0010000111001010 0001011001
(101 (110111101000000110 0100010 01 01010001 00(10 10 qualia
01001000 01 hanno 0010010010 011 0110111 (101 vapori, 0101 0100010,
0011 ac. 10 01110 (1000001 1000111001 maggior 00010 (11 vapori 0
(11 0001011001 01 0101000 cha (10110 0100010, 00101010 011001-
11010 1011111001 (1110110111 00000010010000 11 00001 1110001010
0110 000110 (11 (11001 (1110110 (11 01000ςο 0010111 1010001011001
01 10000 (10110 0000111010001111011000. Dico in 01110 maggior
00010111 10001101010101110110 10110 umida 0110 (1011 acqua,
percha 100000, 00010 (1101000, 1100010110 110001 (101 0010, 0
10000 01ι 11000100 0110 10 1011000000, 10 00010 11000110100111,
maggiormeota 101110. 80000 (11 oio sia, 0110 10 011 giorno (11
001010, (1’ 00 vaso d’aoqua profonda, 0000 00 00 0001001010.

rna 00 01 0001100011(1000010010001111010010 000 010110 (1 nna
(11111106111111. - T. 1111. io

 

