1313133 3111113313 331 33311113. 291

13 33, 333313 33 (333133333 313 11 3331313 (11 313111 presi) 1’ 333313
313 11 3131331133 3313313133111333333 333 333 (11131, 3313113 333 113
1331333 331 331 pin 33 3331313 (11 313111 3113 33 31113 3131111313 1’ 13311·
3331333 (13113 3113331313333 33313 13113 1133333313 13 3333333, 3313113
(1313333 13 (133 11333 33311133311 1333313 3131 113 1313 1111311331 (11-
13133, 3 33313 3133331313, 313313113331331333333 11333 333131313133
333 313333 33113, 3 1313 313 333313 3113 13113 311’ 113 (111331333 3331313
13133 333113 33113 3333333 13 33313 3113 (1131333, 13313 331 3113313133
333 3133313 33131333 3113 333 313333, 133 13 dimiono (13113 31133313-
13313 333 11333133 31113133 13 313333 3131133331 331 13131133 (133 3133

3133313 3113 (Ρ 33 133331313; 3 pern essendo (1113133 13 diminui (13113 ·

(1113133 33111 (13113 3133331313 33113, (1113131 333313 3313333 311333311
3113 13 (13113 33111 13333 333 13 31333311331311311333,3333 3331313
311 313331 33313 3’ 31 3333333.

83 3313111333333113131111331331 (13311 313111 vanno prese 333
3· 1313 33113311 13113131, 133 3 3331 311313 (131’ 3333 3331333333 333 13
13113, 13 domando 331 6311133 33 13 3133333333 33131113 sono 13113 13
(111331331, 3133113 333 33 31333 3111331 313331313 3113 331 3113313. E 13133
(1113 3113 13 31333333 333 13113. 813313 313133333111333,3311333331313
11311133, 3311 3111313 333 113313, 3113 13 (1113113331111, 3113313 1331331313
3113 333113 (131 punio 11 (13113133 111, (13113 333313 3333 13 qualche
punto (13113133 BC, 3 333313 333 33113 333313 3113 331333133 punto B:
3 33111 33133333 311 313111 ΒΙ, BC 31313113 BE 113333 3131331311 13
1331331313 dimiono: 313 (1313 3 13 1333331313 (111331333 333 31 131133
333313, adunque 33. 33.

Dico 1331113 331 (1311133, 13 primo 13333, 3113 3333131333313111
31 1333333 331 (11 13311, (133331313113113333 333 3111 31 [133 111313 '
33113 33313 (131 13133313113 113 13 3113331313333, 13 33313 333 1333-
31113 3333313313 tangente 333133333 (13* 3313111 3 3331 punto stesso
(131 33313113; adunque 13 33331113 (1311333313 13113 (13113 (13113 311333· 1
1313313 3 13313 333313 3 13 33331111 (13113131313333111333113331313113
13333313 3113 passa 113 (11 3333, 3113 313 313333 3113 (1113, 33331· 333313
333 113 33331113. L’ 333313 331 13113313 (13113 13113 13333313 3 (13 333
3313 (13113 (13113 3113331313333 3311 333313 3 13 31311 (13113 1313113333
(131133133331313 13113 13333313, 3133 3131133313 3311 333 333313.

8333333113133313, 3113 (1’ 3331 333313 1311111333 333313 3333 333
333333313331313313, 3133113 33311333313, 3113111 13111 1 1311111331 333311
3 1313313, 11133333 311’ 3’ 313 333 333313; 133 11 minor di 13111 1 1311111·
331 333311 3 333113 3113 31 13 (13113 3113331313333 (131 3313313 3 (13113
1311311333 13333313, 33113 prop. 163131 1313311313 (1 11331133 adun-

 

