1110111111 10 0101110111 1111110. 111

001 11 0000001110001100 10101 11 001111010 000 10110 00010110
0101111000011000100000111011 10010 00110010. Solo mi 11-
001000 0110 10 0110 000111 00110 1010 1001101111 00111000111010 01
1001110 10110 gentilem sparsa in 0000 001111010, 0 1110000011
0110 1101010 001 01 010000, 0 00100 11 000 0110 00 0001011110
1010100000 1000101111 011010 10100 11010 101011110010, 1110100
10 00011111 000110 0110, 000 0111 10110 10100111, 1110 10110 01011110,
potesse 00001100 00010 01110 0000001101. ,10010010 0 11110 011·
111100 11 comandamento 11 V. S.. 0110 00110 11101011 1001101111
1110101000 011101011110 1110000010 101 00001101010100 0110
110110 001111010, 10000000 000110 11110111 0110 010110 1001000·
’ 101100οι0 1010 0010101 00010110000110110 010 00010010000
10110 1011111 0110 10110 001001011000, 00110 11 01011001100 ,101010
10110100 1011010 domanda 0110 0 011 000001010 010, 10000, 1110,
0 00100010 0 V. S. 000110 111 0111, 0110 0101 0001010011011010110
prima mia 001111010 (011010110110101 001 10111100) 111 11011110
10110 00110οἰ10 10 100 1011010 1018101100001101.

E 01101010 00 0110 V. S. benissimo 01 1101111011 000110
0110 10 10 1100001 10 0111110 101100110οΙΙο 1111 0110000010 1000
11000011000010 11 00οΙ0 000000 10 000110νο101ος0ὴο 10, 00010
110’ 100 0110101011 010000 0111 011010000101110010 01110010, 1’ 0011
110’ 00011 011100οε0 101110 0 10111011001 00010110 0100100100ιο
101010 00010; 0 00 0110 10 00101 0011110 0 010110010 010110 0111
000111110οί0 10 011010 101 011110, 00010 0001100110 00010 0000110
100110 10000101 danne 0 001111ος 0-01011011110 10100000010000·
1010, 0110 000010 11 110001101 00010 101000011010000 101011·
0010 011010, 10 000 011 1000101110010010 010101011 001010. 110
11 0100111001011 V. S. 0110 10 10100010 010 10 000110νο1010 110
0010101 000 1010011, 001 0000100001111 00010000 01101 mode·
01011 1110000010οο 011010 1010001 00010 11 0111 11000110 0000
10 0011011 0110 01011110, 011 1000 0011 0110110100 0100010111 0011-
siderare 10 00οΙ110 101 0000110, 01 10 010110 110101 00101000
0 00101 001Ιο 00010010 01100011001111 001111010110111100110
11 0101001010 010 00001010 01 810. 1100001101, 0 10010 0111 000010,
01110 0 000110 0110 110 operimentum 10 010 1101001010, 110 000-
1110 110000101011010000110 101110001110’001111 110 10110 111
0110010010, 000 1010010 00001 1011010011 0110 0- 00100001110110

 

