1011111110 11 ,11111101 0011111111, 230

0000 01000000 0 0111 00100 001100, 01 0011000000 10 0100111000 011-
soro, 0 000 0100011 moure,- 10 1010000, 01 01100000 000011 00110
10 00110 0110011100 10111100001010011000000110 cose: 0110 10 01
000000011000 0100010 11111000, 0. 0. 10 uno 0010111000010 0 001101·
100 10 001100, 1000000 00100110 1001000110 11 11000110 0011· ooo
quanto 10 00000 0011011011, 000 000 000010 10 1111100110 001010-
01010οο 000011. ’ ⁸

510000 [00010 000110 000110, 00110 00011 1100 100 0111111000
10 modo 0101100, 01001110 10 0000000000 0000010110 000 ἐ 01
0010 0 0111010001 10 1000010000οα 0 0000000000 01 000 1010.
00100 001110 0110 000 0000000 lo 0100011100 0111000 mo 0100010.
0101000010 ho riquardo 1101000 01111100 00101 10011 00110 10
ono 0010 0110010 1· 01100 0111000 0011011000010,·0001111 0000
10 000110 0101110101 1100 10 10 0000111110 [0010 10000 11 30
011 1130100οα 11 1ος 0 0000 000111 100 0001001 00, 30, 10
sono proportionali 0000010100100010, 0010 0110010 01 0001000
00110 0111000 10 1010 110 0001, 000011 11 10 10100 100 00110 001 30 ·
00 11 30 00100 100 00110 110100. Mo 10 10110001 0100010, 001-
1111 11 10 10110001010011011 30 000 00001101οα01 01001 1000-
010, 00 1130 1011000 101 0011011 00 000 000 0111000 01 100010
broceio. ·

1001100, 10 000000010ηο 0001010110 000 1010010010 00110100

0111000 000000 0100111010011000,000000000010010110 00000100, .

0101010000 01 1011000 100 loro 10010 0100010 1110 0011 110000
011010 110 [000 10110010, como 11 0000 10 0001 11000010 001 00011
1100000 0110 10 0001 10100οο11, 0101000010 1000011100 0110000,
10010 [0010 110 10 0010100οα 10 0010 000010 11 1010000101000011
1010010010,οουο 11 1011 11 01100000 000 00011000 01· 10100000 000
000 [101100. E questo 0100011101 01 01111100 000 00 [0111010 0110 000-
0101111100οο000, 0110 011010 00110 0110 10010 00110 00101 10 11000
01110 111110 000010 10 [101100 01110 0011001010 0001010 011000 0 00·
0000 011 0111100100 00010 1011010 00110 [101100. 1110110 011 0110011010·
01000110 10010010 01110 0111111010 0010101100, 0110 011010 0 00000·
001010 10 000000110ηο 0000110110. 101000101000110 0110 0000111110
10111111 00 10 20 01011, 0000 10 0 00111 1000100001 00011110 00
1100111 01 0100, 000000 301101000 01 1000000, 0 12 110000000001110,
01000 0 010 11 0000110 01 100 100111 01 01110, 000000 1101101100

 

