000 000000 00000. 221

manifesto 0100, 000110000οο 0110000101, 011010 0010001000 00·
00000000 000000 0. 0100000 0000010000.ηο10001010000 000000
11 0000010011 001 0000 Ρ 01 11101000 1000 000 0 00 00011000
0100 0000000οο 11 0000010 AB 0001’00001111,0010000100000
001 00010 1), 0000 11000010 0001 0000001οι0 0 11 00010011
velocissimo, 00110 00000 111111 0000010011, 011 00010 0· 0010
000 101 10000, 0100 000 000 00000000001000110000111 00001)
00110 100 11100000 0110000000 0011ιο10100 0000011100 100000
00110000Ιί000 010010 00’ 00101 000001 00000 000010000οο 10
vigore 11 0000010, 0 000110000οο 100000.

000, 00 11 01000000 000100 10000000101000000000001,11
01 0000000001οω 010000 0111100111οΜ 001 00οο0000 0 00101-
1000. Ε 001000, 00000001ο.001 0100 000 0010110, 000 001 000-
0010 010 01010 10110 000 00000000οἰ10ηο 0010010 0001100000
10000000 1110000 01 0000 000 10110 10000111, 0000100000·
0000 0000001011000110 0000 01101 000 1000110100οο 001 01000100
000 00 00000000 000 11 0010 0011000000 AB 10000 0001010000
01 100 1110000, 0000000101 00101 10 11 010110000οι0 0100000010
00010000. 0000 0100 000 011000 0010100 10 00010 000000 01001·
00110. 0100, 0’ 10 000 0010000000, 100001001ωο 0001010000000·
0100 1000000001 11 0000010 AB, 00000010000000101011,000
1000010 001000010000100 1101000 0100· 10 110 1011000010 00
0100000100 00110 00000 111 010000 00110 10010, 0100 000 00110,
000 000000100010 11 10000010 An 0001010010 10 1000100000 00110
00000 -111; 1’ 0010 dunque 001 0000110100 0 100 1110000, 00-
1000 100 00110 0000, 0100 10 01000110 00010. 111ωο00 000-
que 11 000001010010100 00110 vigesima 00010 000000- 001111·
0010, 001 00010 010001 01 00011 0000000000010001011;101000
00110 1000010 000 0100100110οΙ 0001011, 10 00 01100 11 010

0101000 11, 0 1’ 1000010, 0001000000 01100 1101000, 00001000 ,

00000· 01 180, 0000000000 0100 10 0001110110011001100101001.
111οο0ωο0000 000000, 000 0101000010 0000110 00· 00011 gradi
d' 110010, 000111010011000 01101 venta-ma 10 10000001 movente
000 00 ha 00 00001000 00 000 0100000 0000000 11 0000010,
0100 00110 001000 00000001 1000010011 01 000110001000010
1010, 0100 0001000οο 10 1) 01 1000000000100 00001 ‹rim-

0010, 10 questo secondo 00ωο0010 00 00001 0010000010 380.

 

