0000000 ir srnu nr 00 0001100. 255

000 10 011 000000οο 000 10001 0100011 000000 0010000110001
00010 00001 0 10 000001οο 011000 001 001110, 0 0100001 00010 00-
000000 00000 10 011000 001 meno, 00010 10 010000000ῑο 10000
00000οο ln 000 000010 000010 011’ 01100; 001 0100000 1000000
000 10010 000το110010 01ιο 0100 11 010010 000000 001 0000110
00000οΙ1 000 fusse 000010, 0100 11 0000000 001 0000110 011 10·
00000 00 10001000100100 00010000 00001 810, 0 poi 00000 11 00-
00110 0001 1000110 000 000011 01001, 0000100 posi 11 000011000
0000110001)ὴο 00001000, 00010001101100011000 001 001110 11
00001001οο0 000 00010 01 0100110 0100001 90001100 0 000010
ho 00110, 0101000 000000 00 00001000000 000100οΙ100010000
io 01ιο persiste ii 010. 1100001101 00 0 00000 00011· 1010000 00-
0000, 001 00010 10 0000001000001 000000 V. S. 10 001000001ῑο
001 propono ii 0000110, 000 10 11 0100100001000010110000 00110
0110001101Ιο 0000000ιο 00110 perdito pecuniaria 001 compro·
iore 0 001 venditore 001 carolini! 01100 001 10110 101000 000-
0100000000 10 perdito furser misuro 00110 01000000000 00110
011010, 0000 000 10000 0000110 000000, 00 0000 01 00001000
0000000000 010000, 0 0001 10 0000000000 00110 000 011000
001 milio 0 001 01001 1010000 0110 001010 001 0000110 000 00-
00000 00110, 00 000 00001000 10 0000110 00000000 001 0000110,
porcino 00000 000010 non 01 0 000011ος 00 10 01100 00110 011-
00000, 0. 0., ponar milio iibbro 000110 000 00 pesa 000100 010-
0101000 000110 10000 00000 0110 000110000010 0000010, 000 00110 v
solamente 00000010, 000 01 0000000 parimento 00οο0110000, per·
0100 00 00110 0000010, 00 00110 110000 01 0 0000110 o 0000110
por 0000000. orire 0 00001000 1000 001 010110 1010000 0110
primo lettera, mi 000100001000000,οο000000 00001 0010-
01100100 11 810. 1100001101 chiaramonte 01100000 prima 10 00-
000010 ne· 1001110101 00000001111 noo 000010000 10 proportione
0000010100, 000 Ι’ 0010001100, 110001 00110 0011 prora 001-
1· 00000010 portato 001000 00110 nome 01 10000110 01 1000 eseia.
0 poi 00000110 001 00010010 10 000 divisione 01 0000000010 100
000, 11 00010 abbiamo 010 0000010010 erroneo 0 10001 001 oo·
sn: 011100001οο poi 0011 000000 000 1010000, 000 10 00011 si
mostra 001001110οἰ 000000011Ιί 001000 1000110110 proportione
0000010100, 1000 0 cho 10111 100011 00’ 000000011 000 100-

 

