011 0010 0100100110. 111

,“ 010 0 navem· 101000 amorem 10100 manaan 0001101011,
⁴ proportionale 1110 1110100ιο 1100111011 ΛΤ, s1·; 0 0010 001100000
'¹ 00010110, 1 proportionale 00110111000, 01 00001000100101110,1101111110
ff 110110111001186.
1
⁸ 0010110110 1111111010 10110 1000010 10 100ἰο1000 1001000 10110
'¹ 11011010,1000110110000 10110 011011110 1100111010 1100110010 GFX
Η ma. 11111 111 gli animoli Ar, T 11, 0010111 10 0000 01 10111101 000010
Ι AG 01 SF, 0000100101ωο1000101110111, 00110000111110101100-
1 0011 151, (ὶ.1Τ 100111110110001110 1010101100. Ε(1011010100001010110
Ι 10100111 Acv 00101110 000 1010101100 0 10001111100101000001001010, 10
001 1 00011011 10110 01110010 SC, NV 0010111010 00001011010001111
01 ST 0110 ragione di ΛΤ 01 NT: 1100010100110 10 ,000010 1001001 10
10100111 SC, NV 0110111010 10 0011001100ιο 110100011100011101110110
11010010 ST, NT: 00010 01 1000001101οΙ 001011101010110 000110 10110
prop. 1111010110 11110100110110111ςο00001001 111 0101010 0110 10 000-
00110011 (11000010 0011011 1001011011001011000 10 01110010 0110 000010
1010101100 101110011010 0110 001 1000100001100 10 1011ος 0 0110 10 000·
010 00110110 1010101100 1011 100111010, 00100 ms, (1 10 10011101 qua·
(11010101101110010 00111000010010 SC.

Corollaria nouando poi 10 10110 1000010 1001010010 11000·
11011 (101Ιο 11010010, 011011110Ιο 00111 01111110. 111) 0110011010
(0101101100 110 gli stessi 00101011; 01000010101101010011111111001011110
000110 00111 0110 10 10001110 001 1010111110 11110 (1001101010 0110 0100. 1
0110110001 10101, 01101001000010 0110101101 10 10101010, 10101100
0011 100101010000000010 10100111 SC, NV 0110111010 10 ragione
0001011011 10110 0011001101ίο degli 10001000101118,Α111110111010010, 0 10110
00110011001010011000010110 1001000 1100 0110101100 Τ, 0101 di NT, ST
100101001ωοοι0. · -

11. 110110 00111 000 01 001001011010011110 10110 0000 10 010 001
10000 011010 0110110 01001101111 000010 00110 010οο0101 011100 11000,
111000 1’ 0111111 0110 001110011101 10 0100000100 10 000010 00110, 11 10100

10111000010 10011010001111000. 11001001000011011011 01 000110 01000·
0110810100000 11 nouo 00101110 Amr, 0 001 00010 0010010011 (101
(1100011010 1000111 10 10110 ΑΕ, 0 001 1011111110 10110100 101 11000110
10100010000010 10110 ΤΚ, ΤΕ,-,000101111 001110110 10 D, B. od 01·
11001010 DS, BN 00100010110010, 01000010000011011100011 1118ῦο
11111. 1100110 0110011000 ‘po' 00011 Α, C, V 0001 10101010011 0 la
000110 11101010. 0111 01110010 000010 1 (10111111 SC, ,w 0001111001·

 

