00000 0001000000. 1113

1000110010111. Ma essendo 111110001000001011-’10110110 00001010
0100011010, 10 001 10 0010011 1011 00110010 0110 110000 000 000000οΙ0 11
0010000 m 01000 proportionali 0110 0001110110000100110101011001100 11,
000110 curva 00100001οΙ0 0100000Ιο 000 1010 000010 1· 0111000, 1011 001
10110010 01000 00100 1 00010111 1011000 10110 00011 10110000 00110 00- ⁴
10011 10110 0100000010, 10110010 10110000000 1011001111 00000 11 10οΙ0 ‚
11 n, 010110 1-100.

. Puomui i'.

. 5001000 10000 010 000000 1010001 10 000 000010 01 1000000
00000000πο 00010110 001110 0010001100 0 0111010100, 0 vi 01 1000000 01·
0000 00000 000 000010 1· 000010 0000000ιο 01011000010 000 10110; 01-
1000000 10110110 110000, 000001010 quali negando 1010110 10000, 010000
10 quinoque 000 00010 0000100010 000110010 0 10010 000 0000000 11
0000 00000000οί0.

si 00000000 01 0011110101000 0 10110010110100110000( 11101111)
iniuriamne, 000000 111111 1100110010, 0110 000 1000000 101100 110010
110000000000010 1 00100011 110001 10110 0000100000010000110100,ωο01·
spondentium 1000110000 ΑΒ, 111, 0000, 000100000. 1 101 11011100 (0

000 10 2⁰ 101 viviani, 0 000 10 0000110010 10110 prop. 1⁰³ 101 1001001100) ¹

0010010001011111 1011 1000110000. 11100000 1000000100 000000 1 000
000011 10110 0001010000 00110 00010 0001001 d' 00 001110,100011 0000
00000 11 0001011010110 1000 001 00010010 10110110000, 01000 000000010-
0011100010011 10110 1000110000. 81 100010 00010010, 00001100010010
Ι 1011001100ιο 000110010111010001001010110 00001000 10111000 111,
0001 000 00110 00010010 AF 01 in: 0110 000010 0001 10 0000000010οι0
111001000110110000 00100οο1010. 0 0000 010010000, 00000 11101 iiii
0001 0110 11 00010010 11 BL 01 0001001011 111, 010 000100001010011-
0010 00110 110000 1100110010. 10000οο00111 11 00010110 10110 baso 111001
00010010 101101100ιο 16 0001,10 01000011 000010 000100010οο, 000010
d 00010110 10110 00010010 AF 0010001001011 111; 0 00010001οω000-
maio 01 10110 1000100100 0010 0000010 1 00000οο11 10110 0001010000
0000000100011 1000100011 101 0001000000000110 00 1011011 0000 000 0000-
0001 10110 11 001110 00110 0001000 m 1100000010 001 muro, 01 meno
10 00001000 101 0000 00001000010010 0110 0010 1000110000 LB sari
011110 0 00000010 00110 0001000 111110 0110 0000110110 11 001110 0001 10
000010000οο 10 000 10110 0000100010 0001010010. ii 0110 00.

corollario 1. Se 111111 0001 00 001100001011110. 110 i, 0001 1111111
00 101000010, 0010 00 0000001 11 0100010100001000, 00000010 011 000
1010 0110110 101 510101101010 00011 0111 11 110010 101 111111, 0101100010

 

