111011(11(11111 0( rr (111110. 111111

(11 (111 (1( (((1ο(1(0((1(1((·(1 1111((11(“1((((1(11(10 maggiore
della (011111111 (111 (1( uno si conduce adue, 1( (((1((1111(
ὲ 1( ((11(1111( (11( quella (11 ((111 (11( negoriando ((1 conlo (1
conduco 1 (iugerum adunque Ι· 1(1((1111( (11 (0101 (11( (00
((010 (1 111((( a uno (1 assaissimo (1(((10(((1(ΙΙ( ((1111((11
quello (11( ((0 (((10 (1 (0((1υο( 1 (11((1110.

Segne appresso 11 Sig. 1101101111 ( ‹ligr-edendo (1((1010
soggiugne. in confermazione (11 ((11(110 (11( 11( (1(110((ΙΙ’ (111(
(1(( lettere. parergli (11( 1( (11((·((((1( ((11(1(1101111ο111 Ι(
medesima (11( quella (Ι(Ι comprare e ((0(1(1(;(((1(“11(((111(
(11((11(10 1111111101( considera (111(11( arcade ((110 vendite
((011((0(1(1(, (101( ((1011 1( pagare removenti (01(11 (0(
(1(1011 grano (11( vaglia vrramente ((010. per ristorare 11
vostro (1((10 (1(11110 un’ altra (011( (1(1((10 ((11(1(11 011111(
(((1011 (((111 1(11( pagare ((111( ((1111 uno (1110001 (1
11’(((1(((1(1(1 con darvene poi ((0 (1110 ((11(11111 (11((1. 10(
(1 rome io rolli (11(1( ((1 (1 (0103101011 prmo (11 (1((1
(1(1(,(0(((11(1111((11( ((1 dessi ( ((1 (1(1( (11((1 ((1 (1(11(
(11 1100 (1(10. La 11((0(1( a questo (1 (11 gir (1111((11 ((11(
Ι(11(1(, (10((110 (0111(10 1( (1((11 (1(11( rrraraganze esser
diversissima (1( quelle (0( (11( si rnisurrrno (11 ((1111, Ι( 111(0-
ria, Ι( 1111111( (ο. E ((1 (1((((1( 011( 1Ι 1(((1(10(1(0(((1(-
101( quello (11( (1(11((11(((1( (111, persuasoria ((( (11(1( (101-
(11((1(,11(1(1(11(0( 11 suo (11000, rna 110( ((11(1 (11(1(
1’ ((011111((1( (1(11( (11111, 1( (11(1( (1 incurabile. Se 1( gran·
(1(1111 (1(11’((011111((1( fusse Ι( (1((1((11(( chela (1((11(11(
del (10((0,(1(((1((((11 1(((1((1(10 (1((00 ((1(1)11( anco Ι(
medesima ((011111((1(, ( ((1(11(1 11 1((111(11ι11111(101(1011(101(
11 dunno 11110(ιί (1(1 venditore ((1 1(1(11 pagare (((1111 ((110
(0( onnia (11 ((11(1(10 (11( (11(1( solamente ((010. ( (011(
1((111(110(( (11 (0 (01110 (0( 1111110 (1(111(((0(11(11((((1(1(1
venditore mentre pagai (1((10111 un limone (11( (11(1( (1
(01(10( (0( (11111 (101111 ((111 (111( Ι’ ((011111(((( ((110 stimat
((01100 quel (11( valera cerlo, ((11(1 ((((1( a queua (11( ((-
1υι( dureque! (11( ((1 uno? E (111 ((001 circo (11( (0( vrb

(11( ((10 11((((1( 1 (11(1 danari 1( ((11(1(00. ((11(1(1 ιώ-

monle ((0 ((1(((10,((( 10 11 11((((1( 1( 111(0(1, perh
111111.11(1111ι.11.(1, - Ἰ“. xlv. δῦ

 

