1111 11111111 111111 enm 111111111111111, 11111

11111111, 1111111111 11 parte, 1111111 11111111 211 gredi di
111111111, 1111111111111111 ιι. g. 103 leontio, 11111111 men 111111
1111· 11111 1111111111 ὲ 11111111 111111 11111111 1111111
111 11111111 1111111111 gradi. consideri 111111 1111111-
11111111 111111 111-1’1111111111111111111111ι1 1 11111 11111111,
11 11111 11 111 1111111111111111111 111111111, 1111111,
11111111111111, 111 11111111 111 1111111 111111, 111111111-
111111 111111 sopra 111111 che 1111111111111111111111111111
come, 1111111111111111111 111111 1111111111 11111111, 11111
1111’1111111111111,1111)111111 e 1111111 1· 11 111111 1111
111111, 1111111, 111 111 111111111111111111111111 11111111
1 11 111111 1 111 1111111 1111111111,11111111111111111111·
111111111111111 poste 11 luogo umbroso.

Trevesi adunque 11 1111 11111 1111111111 1111111111
111111; ben 111111 e 11111111111 manifesto, 111111 111111
11111111111111111111111111, 111111111111 10 11111 11111
111111111 111111 11111111, 1111111 111 {emperie 11111 11111,
111111111111111111111111111. 11111111111111 11111 11 11-
111111 11 brevi parole, 11111111. 111 1111111111 derivare 11111111
1111111111 111111111, 1111, che 11111 prima 1111111 1111111111
111111 parte 11111111 che 111 1111111111111,11111 1111 11111,
11 entre 1111111111, 111111111 111111111111 1111· 1111 11
1111111111111 10 11111111111 1111111 111111111111 11 11111
1111111111 11 20 11111 11111111111,1111 tale 1 1· 11111 11111
11 1111111,11111 11111 1111 e 11111111. eche per 11111 111· ’
1111111111 111111111111111,1)1111 11 embra. si 111111111111-
111111111111 11111111 11111 men 111111.

NOTE.

Le 111111111111111111111 problema 1 111111111111111, 111111 111·
11111111111111111111 11 1111111111, 11· 11111 pernen 111111 11 1111
1111111111, 111111 1111111 111 111111 111 111111, 1111111111 1111111 111
111111111Ιί 11111111111111111111111111111111 che in 11111 111 e
1111. 1181111111. 1111111111 111 Papa, 111111 1111111111 libro 1111111111
1 111 eecce, 111111111 11 11111111111111111111, 11 111 11111111111111111
11111111111111 ehe 111111 1111111 per lempe considerabile 11 1111111
11111111111111111 1111111111 1111111111 per 11111111111 tempe, 1111
1111111111ρὶ1 11111, 1 111 111111111 per 1111 1111 maggior 111111-

 

