111 11111111111111. 119

11 'uitione 11 1111 111. ni> appresso [11111 1111111111 11111 111 1111111111.
ῃ 1111111. 111, 11, 1111111111 11 111111111111111 111111 1111111111
,11111 1111111111, nppresnn Ceieiinnn 1111111 1111111111 11111 6111111
ι 11111 Granni 11111111111111111111111111 1111111111111111111
μ· 11111 de' 11111 111 1111111 11 1111 celebre regaie di Kepienn in 1111 nn·
1 1111111, nine 1111 1 11111111 ‹ie' iemni 1111 1111111111 11111 enine i 11111
3 111111 (11111111 111 11111111111111 111 1111111 1111111111 11 verifica
, 11 111 1111111111 1111 11 11111 dn 111 1111 1111111111111 1111111111
3 111 111111111111 [111 111111111111111111111111 1111111111,·111·
111111 vernn 11 111111 1111111 11111. 111 1111111111 1111111111111 11111
5 11111111111, 111 come nnn 111111111111111111 1111111111111, 1 che
1111 1111111111 ο 1111111111 11 ragione 111111111111111111111111
11111111.
111. anin 1111 suppositione 1111 11 1111111 111111111111111111111
⁹ 1111111111111 111111, 111111 11111 11111111 111 [1111111 111 1111111111 1.
1111 viene nhbrneeinin' 11111 111111 11111111 111 111 enipi 1111 111111-
1111111111 1111111111111111111111 inniti, enine 1111111111 nei 11111
1111111111 prinninae! 111. 1, 1111111111. 11111111 11 111 prime 111
sinin 111 asserito generalmente del 11111111 11· inni 1111111 ii· 1111111111
gii sigilinii 111 1117 11) incarnandi 1111111 11111111 dei 8111111-
11111 Principe 1111111111 1 11 111111 credulo, 1111111 einen 11 1111111
1111111111, 111 nomn 111 iiim 11· Η1111111 11111 11111111 1111111111
111 111111 1111 11111111, 1 11 1111111 11111111 1111111111111111111111·
1111 111 111 11111, none (11111 111 1111111 1111111111 iiiii Opm 11111111
1111111 111 1111111111111, 11111 111111 11 1111111 11111 1111111 1111 ,
ebbe 1111111111 111 111111111111111111111111111111111 11 11
111111 111111111111 1111111111 dni P. ’1111111111 11111 11111 (lomnegnin
11111111 11· 1111 iibri ,111 minare 1111111111,1111111 1111111111 1111
1.(111111111 §nocherio (11111111111 (1111111111 11111 111 nanneno:
n’qnnii 111111 11 1111111111 1111111111 1111. 1111111111 11111 1111111111
0111111111, 11 11111111111111111 &eiiam 1 1 nr. 11), υ, 111, 11111111
1111 1111111 11 1111111111 gli 11111111111111111111111 1 111111 11111111 111
moin 1111111111 11111111, 1111 11 11111111 111111111111111 11111, enine
pessi nen 1’ origine 111 moin, 11 111111111ιί 11 11111111 11’111111111,1
11111111111111111111 verni. 11 11 lemno 11111 11111111111111111111;
ii ehe 1111111111111 1111111111 11111111 1111111111111111 petie
11 eene 11 111111111 11 11 111111111111111111111111111 111 11111
111 minii. 1 111111 prop. 11111111, einen 11 1111111111111111 11111111
dei 11111 11111111111 111111111111,11111111111 in (1111111111 111 .

,1111111 11111111, iii. 11111. 311, benene 111111111Ιοί1 P. 11 enain

 

