00110 ((0οι000000. 81

10000 (11 peno 0 101110 10 10001 senza (1101001000, 10 0001100010 essendo
11 presente solido appunlo 000 10001 (101 0010000100001001001110000
010000001110, 0 01 001 10110 10 0001001 10000000000110110011.0(((100((0·
010 speculatione 001 5101101001000000000010 0 0001010001000100010
opposta 01 (1011100, prima 00 1100(οι1 1110000110 10( Francia 0 poi 0οΙ Si·
0000 1100000111 in 110110, 0000010000 0100011· 0110000010 0· 1000000000
((01 propone che 110000011οο 000010011οο 10000 ((11Ιο 0 0001100001 con
0100000010 (11 piu 01 03 per 100 00000 (1100000010 (11 οο1)0010000; 11 010,
0010100000 non 01 00011100( ne' solidi parabolici (11ορ0011 come ((0110 propo·
01010001 1111, 00 0 01, 0000010011 0 101 1100 001 000100001000 100010 che
01 (1100000101 (000 001Ιο presente 0110001000, 0100 (101 par! (1 0011101001οο
0010000 11 (10110 (11 quel grand· nomo: 01100 (11 0110 01100 (0001000 ((00
(0000000 00 0110000010 10( questo 0000000110, come 01 000 vedere ((01Ιο
(010 01000010 apologetica par. 1, cap. 7, ((10, pag. 101 0 00000011.

1000000000( 0010100000ιο [xlv.

11001100010111000101 1000 01000100( 0 (11 1000 011111100, come (00110 110000
01 0000 (1110. m ), 0001000011 00110010001101 01, N; (1100 pure 010 00 11
peto E 00009010 10 0000010000 ΑΒ, 000110 11 pm 1. 0011010 ad 11, party·
000010 0001010000 1111.

1100011 11 momento 01 Ε 01 0000000010 01 1010 0000110011000010 ,11111
01 0011000010 11111, 0101 00000 1100000010 01( 01 00000010 CH (per 10
0001000 001 (0000100010 0 00110 0000101110οι ), 0101 come 11 (00000010 01 0001-
010000 00110· 0001000 ,111 01 (00000010 (110001110000 00110( 00010000 CI), per
10 prop. ³: 00000010000, 11 (00000010 01 E 01 momento 01 0001010000 (101100
0001000 AB 010001 come 11 momento 011 01 momento (10110 0001010000 CD:
0000000 00 1001100· (00000011 01 0000001000, 00000 011010 10 0000000100,
000000 1 0000001 0000000 (0000011, 0101 11 (00000010 F 0000900001 01100011(
0001010000 CD. 11010 00.

000011 0000010 sono i solidi d’uguale 0001010000, 1000011 (101 Bion·
(10110 0 da! 1100010111 per 0000000001 ((1 solido 0000001100 (101 10011100,
(100001 0000010 10000000 (11 1100110001 0 1010 osteum ma mollo prima
(011 inventast (101 ((001οο 1101000, 01100 gli 01101 01 0100110 0000010101.

1000000000( xcvu, 10000ιο 1111.

Ancora 000 00( (00000 0000110 0 000( ((000 (0010111000, 000000( con (100
(0010111001 01 (0000010 0100000100 0010000101( 0 (11 (1100000 01000100 perpendi·
001000, 01 0000000 00000 001101 011 0000000 0001000111 ((0 loro 10000101, 01000
0000010 0001010000 1001000000( 011 (00 0010 pm 0011000110( 100010101000110
pamm interpono [00 1 000100010001.

 

