111 111111 11111. ’217

nore 11 10. E 101 1111001 1111 (111111111111111111111111
1111111111 1111111111111, 11 1111111 1111111111 11111 111-
11111 11111111 adoptare 11 tompore 11 (110111 1111011111
111111111111111111111111111111111111 100 110011.
11 1110111111 11 massi 11 111111111111 101· ·

011111 mio primo 11111, 1111 101 111 111111111 1111111
11111111011110111111 1111111 111111 1 mmm 1111111111
111111 1111ςί111 11 111, 111110110οΙ1 (11111 1 1111111111·Ι
111111 11 111111ιί1, 11111 quali 11111111 111 senza (111111-
11111111111111111111 11111 11111111 10 111111 gravissimi
1111. Consideriamo 11 1111111, 111111111111111 11 1111 11
1111111101,111 1111111111 11 10 110011, (1111111111 11
1111 111 01111 11ι1 11111111 111111 1000. (1111111111 111· Ι
11111111 si 11111111 11111 11111 11 11 nomo 1111111111-
11111 111111 11 3000 000111111111111111 11 superare
110’1111·11’1(1111111 1111111111 111 1111111111111111111 Bene:
111 io, 8111111111, 11 queste 1111111111 1111111111 11111111-
1110 11111 1111111111 1 (11 1111111011 cone 111111 01111
11 1000 110011 111 pom 11111111 1111111,1011111111111
salvo 101111 10, 1101 11 3000 11111 gran 111111 11111111-
11111 111111, 11111111111111111 111111 11 momento di
100 110011. 111 1111111111111111111 dunque non 11 110 ca·
1111111111( 1111 1111111111 101 1111111111111 1001
300 111 ((11, 11 (111111 101 1111 1111111 1 11111 1 1001 300
(11111. 111111 quali due egualmonte 1111111110 1111111111».
11111 1111111111111, 11 1111 1111111111111111111111 1101
11111, 111 quanto 1111111111 11 11111111, non guadagna
11111 sopra 11 1111111111 1111111111111111111111111101
11111 11111 nomini 01111111 111 1111111 1 1111101111 101.
11111111, 1111111111 (111111111111 giorno -11 11111111 11111·
11111 111 1111111 11111 01111, 1 1111 nomo 111111111111111
gravissimi 11111,111111111 (111 (11111 01111 111 111111 1
111111111111111 111 111111111111111111 111 nomini.

011 1 bene 101 1111111111111 1110111111111111111111-
metuo 111 111111 11 1111111 11111111 1111111101111111
111111 1 101111, mentre 10111111 si ngguaglia 11111 (11111111

1111111 11 moto, ovoglinmo 1111 11111111 1111101111 11 tempo.
0111111 (mum. - Τ. xlv. ’111

 

